tamaño	cores	tiempo	pc_tamaño	ganancia
1500	1	4.526868	msi_1500	1
1500	2	3.589576	msi_1500	1.26111
1500	3	4.441662	msi_1500	1.01918
1500	4	4.518262	msi_1500	1.00190
1500	5	4.481663	msi_1500	1.01008
1500	6	3.586205	msi_1500	1.26230
1500	7	4.470846	msi_1500	1.01253
1500	8	4.38093	msi_1500	1.03331
1500	1	4.84959	atcgrid_1500	1
1500	2	4.825818	atcgrid_100	1.00492
1500	3	4.822239	atcgrid_100	1.0056
1500	4	4.833547	atcgrid_100	1.00331
1500	5	4.836195	atcgrid_100	1.00276
1500	6	4.835287	atcgrid_100	1.00295
1500	7	4.850954	atcgrid_100	0.999718
1500	8	4.825612	atcgrid_100	1.00496
1500	9	4.840575	atcgrid_100	1.00186
1500	10	4.823275	atcgrid_100	1.0054
1500	11	4.835074	atcgrid_100	1.00300
1500	12	4.833911	atcgrid_100	1.00324
1500	13	4.827779	atcgrid_100	1.00451
1500	14	4.823886	atcgrid_100	1.00532
100	1	0.001164	msi_100	1
100	2	0.001014	msi_100	1.14792
100	3	0.000895	msi_100	1.30055
100	4	0.000941	msi_100	1.23698
100	5	0.000916	msi_100	1.2707
100	6	0.000887	msi_100	1.31228
100	7	0.000883	msi_100	1.31823
100	8	0.000946	msi_100	1.23044
100	1	0.002023	atcgrid_1500	1
100	2	0.002012	atcgrid_1500	1.00546
100	3	0.002036	atcgrid_1500	0.993614
100	4	0.002037	atcgrid_1500	0.993127
100	5	0.002043	atcgrid_1500	0.990210
100	6	0.002081	atcgrid_1500	0.972128
100	7	0.002043	atcgrid_1500	0.990210
100	8	0.002044	atcgrid_1500	0.98972
100	9	0.002036	atcgrid_1500	0.993614
100	10	0.002027	atcgrid_1500	0.998026
100	11	0.002024	atcgrid_1500	0.999505
100	12	0.002037	atcgrid_1500	0.993127
100	13	0.002042	atcgrid_1500	0.990695
100	14	0.002044	atcgrid_1500	0.98972
