
100	0.000007
100	0.000006
100	0.000005
100	0.001077
100	0.001755
100	0.001334
2	0.000001
2	0.000000
2	0.000000
2	0.000000
2	0.000000
2	0.000001
2	0.000000
2	0.000000
2	0.000000
2	0.000000
2	0.000000
2	0.000001
2	0.000000
2	0.000000
2	0.000000
2	0.000000
2	0.000000
2	0.000000
2	0.000000
2	0.000000
2	0.000000
100	0.001005
100	0.000824
10	0.000001
1	0.000000
2	0.000000
100	0.001558
2	0.000000
2	0.000000
2	0.000001
2	0.000000
3	0.000000
4	0.000001
5	0.000001
100	0.003489
2	0.000001
3	0.000001
4	0.000001
5	0.000001
6	0.000001
10	0.000002
2	0.000001
3	0.000001
4	0.000001
5	0.000001
100	0.001023
1000	1.512087
1000	1.585456
1000	2.206313
100	0.001090
1000	1.132897
100	0.000884
100	0.000896
100	0.000009
1500	0.001401
2500	0.003816
100	0.000007
1500	0.001425
2500	0.003731
100	0.000007
1500	0.001428
2500	0.003794
100	0.000007
1500	0.001403
2500	0.004245
100	0.000008
1500	0.001739
2500	0.003732
100	0.000007
1500	0.001484
2500	0.003837
100	0.000007
1500	0.001416
2500	0.004128
100	0.000008
1500	0.001632
2500	0.004044
100	0.000007
1500	0.001779
2500	0.005909
100	0.000007
1500	0.001552
2500	0.004069
100	0.000007
1500	0.001412
2500	0.004019
100	0.000007
1500	0.001417
2500	0.010081
100	0.000008
1500	0.001440
2500	0.003959
100	0.000008
1500	0.001453
2500	0.003793
100	0.000007
1500	0.001620
2500	0.003989
100	0.000007
1500	0.001683
2500	0.003804
100	0.000009
1500	0.001739
2500	0.006750
100	0.000007
1500	0.001602
2500	0.004043
100	0.000007
1500	0.001735
2500	0.003738
100	0.000008
1500	0.001421
2500	0.004287
100	0.000007
1500	0.001613
2500	0.003967
100	0.000008
1500	0.001716
2500	0.004122
100	0.000007
1500	0.001535
2500	0.004329
100	0.000007
1500	0.001826
2500	0.004471
100	0.000007
1500	0.001686
2500	0.003686
100	0.000007
1500	0.001619
2500	0.003773
100	0.000008
1500	0.001658
2500	0.003675
100	0.000009
1500	0.001693
2500	0.010539
100	0.000008
1500	0.001435
2500	0.009224
100	0.000008
1500	0.001396
2500	0.003693
100	0.000008
1500	0.002755
2500	0.003690
100	0.000008
1500	0.002893
2500	0.003843
100	0.000060
1500	0.003041
2500	0.003871
100	0.000008
1500	0.001476
2500	0.003685
100	0.000008
1500	0.001504
2500	0.004200
100	0.000022
1500	0.002093
2500	0.003798
100	0.000008
1500	0.001489
2500	0.005737
100	0.000007
1500	0.001388
2500	0.006031
100	0.000007
1500	0.001438
2500	0.003727
100	0.000007
1500	0.001434
2500	0.003999
100	0.000007
1500	0.001420
2500	0.006526
100	0.000007
1500	0.002172
2500	0.003708
100	0.000007
1500	0.001542
2500	0.004027
100	0.000008
1500	0.003335
2500	0.004517
100	0.000009
1500	0.001416
2500	0.005896
100	0.000008
1500	0.001508
2500	0.005975
100	0.000007
1500	0.001329
2500	0.003643
100	0.000007
1500	0.001388
2500	0.003700
100	0.000882
100	0.001164
100	0.001406