tamaño	tiempo	threads
10000	0.098954	1
10000	0.073622	2
10000	0.078892	3
10000	0.073945	4
10100	0.105200	1
10100	0.075203	2
10100	0.075265	3
10100	0.075462	4
10200	0.102708	1
10200	0.081563	2
10200	0.077539	3
10200	0.081938	4
10300	0.105130	1
10300	0.078709	2
10300	0.078675	3
10300	0.078563	4
10400	0.111028	1
10400	0.082478	2
10400	0.084060	3
10400	0.079943	4
10500	0.109128	1
10500	0.081737	2
10500	0.081493	3
10500	0.086361	4
10600	0.115541	1
10600	0.083197	2
10600	0.083110	3
10600	0.083375	4
10700	0.114442	1
10700	0.084394	2
10700	0.089324	3
10700	0.089818	4
10800	0.115713	1
10800	0.086951	2
10800	0.086871	3
10800	0.086137	4
10900	0.121175	1
10900	0.092895	2
10900	0.088436	3
10900	0.087761	4
11000	0.119706	1
11000	0.089023	2
11000	0.089210	3
11000	0.098966	4
11100	0.122175	1
11100	0.090399	2
11100	0.091598	3
11100	0.091005	4
11200	0.124160	1
11200	0.100946	2
11200	0.092674	3
11200	0.092518	4
11300	0.126235	1
11300	0.093732	2
11300	0.098626	3
11300	0.103970	4
11400	0.128879	1
11400	0.095657	2
11400	0.097650	3
11400	0.096119	4
11500	0.135971	1
11500	0.100417	2
11500	0.097651	3
11500	0.097634	4
11600	0.133212	1
11600	0.098981	2
11600	0.106794	3
11600	0.101386	4
11700	0.135396	1
11700	0.100474	2
11700	0.101072	3
11700	0.101019	4
11800	0.144301	1
11800	0.102936	2
11800	0.103205	3
11800	0.102456	4
11900	0.141163	1
11900	0.113094	2
11900	0.104484	3
11900	0.104262	4
12000	0.142456	1
12000	0.105709	2
12000	0.110437	3
12000	0.110511	4
12100	0.145424	1
12100	0.107118	2
12100	0.108526	3
12100	0.112356	4
12200	0.151220	1
12200	0.108707	2
12200	0.109569	3
12200	0.109474	4
12300	0.153175	1
12300	0.115184	2
12300	0.111924	3
12300	0.111235	4
