
10000	0.153634	1
10000	0.095320	2
10000	0.073122	3
10000	0.062980	4
10500	0.183418	1
10500	0.112486	2
10500	0.088840	3
10500	0.078950	4
10100	0.170276	1
10100	0.094737	2
10100	0.078566	3
10200	0.159678	1
10300	0.165652	1
10100	0.057773	4
10200	0.101424	2
10300	0.106573	2
10200	0.077958	3
10300	0.076836	3
10200	0.064259	4
10300	0.068977	4
10500	0.168788	1
10600	0.173072	1
10700	0.175869	1
10500	0.110378	2
10600	0.110716	2
10500	0.079614	3
10700	0.115466	2
10600	0.084788	3
10500	0.075109	4
10700	0.089404	3
10600	0.079414	4
10700	0.073707	4
10800	0.180112	1
10900	0.182955	1
10800	0.116874	2
10900	0.111527	2
10800	0.091330	3
10800	0.078141	4
11000	0.186126	1
10900	0.097009	3
10900	0.075418	4
11000	0.118384	2
11000	0.099121	3
11000	0.081559	4
11100	0.203196	1
11200	0.211807	1
11300	0.210758	1
11100	0.111698	2
11200	0.113301	2
11300	0.116521	2
11100	0.095718	3
11200	0.099309	3
11100	0.083400	4
11300	0.096966	3
11200	0.084046	4
11300	0.084661	4
11400	0.199045	1
11500	0.219334	1
11600	0.208406	1
11400	0.127237	2
11500	0.128371	2
11600	0.122642	2
11400	0.090533	3
11500	0.096622	3
11400	0.079700	4
11600	0.112422	3
11500	0.076485	4
11600	0.087433	4
11700	0.211187	1
11800	0.235637	1
11900	0.218950	1
11700	0.128608	2
11800	0.126286	2
11700	0.093338	3
11900	0.127551	2
11800	0.112814	3
11700	0.079152	4
11900	0.115569	3
11800	0.088245	4
11900	0.088470	4
12000	0.245516	1
12100	0.228812	1
12200	0.228898	1
12000	0.135841	2
12100	0.133230	2
12200	0.149613	2
12000	0.112277	3
12100	0.118847	3
12000	0.085313	4
12200	0.120107	3
12100	0.092479	4
12200	0.097223	4
12300	0.251448	1
12300	0.137724	2
12300	0.124167	3
12300	0.092099	4
10000	0.060849	5
10000	0.060316	6
10100	0.065115	5
10200	0.065644	5
10000	0.055845	7
10100	0.062430	6
10200	0.061889	6
10000	0.063246	8
10100	0.060234	7
10200	0.057963	7
10000	0.068535	9
10100	0.064246	8
10200	0.064138	8
10000	0.072870	10
10100	0.067646	9
10200	0.067895	9
10000	0.080224	11
10100	0.076281	10
10200	0.073130	10
10000	0.082281	12
10100	0.075624	11
10200	0.076442	11
10100	0.081811	12
10200	0.087537	12
10300	0.073632	5
10400	0.069123	5
10300	0.061127	6
10500	0.066454	5
10400	0.063572	6
10300	0.062422	7
10500	0.061633	6
10400	0.068838	7
10300	0.069420	8
10500	0.059229	7
10400	0.068875	8
10500	0.065128	8
10300	0.069319	9
10400	0.069173	9
10500	0.069146	9
10300	0.079964	10
10400	0.080786	10
10500	0.085494	10
10300	0.085960	11
10400	0.081960	11
10500	0.083349	11
10300	0.089126	12
10400	0.086051	12
10500	0.086333	12
10600	0.070802	5
10700	0.070522	5
10600	0.070316	6
10800	0.072167	5
10700	0.071488	6
10600	0.063761	7
10800	0.069923	6
10700	0.066359	7
10600	0.074240	8
10800	0.076844	7
10700	0.068569	8
10600	0.067185	9
10800	0.069558	8
10700	0.077757	9
10600	0.081275	10
10800	0.077365	9
10700	0.080710	10
10600	0.084286	11
10800	0.076183	10
10700	0.079009	11
10600	0.087242	12
10800	0.090187	11
10700	0.095858	12
10900	0.075475	5
10900	0.067630	6
10900	0.070216	7
10900	0.070382	8
11000	0.084146	5
10900	0.078646	9
11000	0.074724	6
11100	0.076936	5
10900	0.085228	10
11000	0.071050	7
11100	0.073947	6
10900	0.080445	11
11000	0.078108	8
11100	0.075488	7
11000	0.068667	9
10900	0.089720	12
11100	0.076778	8
11000	0.088865	10
11100	0.080632	9
11000	0.081436	11
11100	0.088478	10
11000	0.089378	12
11100	0.091209	11
11100	0.097875	12
11200	0.072279	5
11300	0.075540	5
11200	0.069525	6
11400	0.081919	5
11300	0.069441	6
11400	0.072626	6
11200	0.075441	7
11300	0.072213	7
11200	0.073705	8
11400	0.079677	7
11300	0.074496	8
11200	0.070383	9
11400	0.073903	8
11300	0.076132	9
11200	0.088814	10
11400	0.085648	9
11300	0.085253	10
11200	0.084524	11
11400	0.094661	10
11300	0.092446	11
11200	0.095407	12
11400	0.090551	11
11300	0.097777	12
11500	0.078972	5
11600	0.084676	5
11700	0.083437	5
11500	0.077230	6
11600	0.078131	6
11700	0.076419	6
11500	0.087465	7
11600	0.081778	7
11700	0.079628	7
11500	0.080281	8
11600	0.073130	8
11700	0.090807	8
11500	0.080233	9
11600	0.083657	9
11700	0.078526	9
11500	0.094570	10
11600	0.091965	10
11700	0.090146	10
11500	0.096784	11
11600	0.103187	11
11700	0.104381	11
11600	0.104655	12
11800	0.086767	5
11900	0.094584	5
12000	0.087258	5
11800	0.092283	6
11900	0.084372	6
11800	0.075438	7
12000	0.081056	6
11900	0.080544	7
12000	0.080762	7
11800	0.086316	8
11900	0.085281	8
11800	0.086086	9
12000	0.089320	8
11900	0.083524	9
11800	0.091497	10
12000	0.090643	9
11900	0.094443	10
12000	0.097721	10
11800	0.109118	11
11900	0.103198	11
12000	0.093509	11
11800	0.109346	12
11900	0.107615	12
12000	0.101306	12
12100	0.094006	5
12200	0.096078	5
12300	0.096523	5
12100	0.083206	6
12200	0.089723	6
12300	0.085728	6
12100	0.079907	7
12200	0.082797	7
12300	0.080058	7
12100	0.082960	8
12200	0.089481	8
12300	0.089001	8
12100	0.089469	9
12200	0.085013	9
12300	0.090199	9
12100	0.090228	10
12200	0.098076	10
12300	0.098742	10
12100	0.107216	11
12200	0.100164	11
12200	0.115255	12