tamaño	cores	tiempo	pc
1500	1	4.526868	msi
1500	2	3.589576	msi
1500	3	4.441662	msi
1500	4	4.518262	msi
1500	5	4.481663	msi
1500	6	3.586205	msi
1500	7	4.470846	msi
1500	8	4.380930	msi
1500	1	4.849590	atcgrid
1500	2	4.825818	atcgrid
1500	3	4.822239	atcgrid
1500	4	4.833547	atcgrid
1500	5	4.836195	atcgrid
1500	6	4.835287	atcgrid
1500	7	4.850954	atcgrid
1500	8	4.825612	atcgrid
1500	9	4.840575	atcgrid
1500	10	4.823275	atcgrid
1500	11	4.835074	atcgrid
1500	12	4.833911	atcgrid
1500	13	4.827779	atcgrid
1500	14	4.823886	atcgrid
100	1	0.001164	msi
100	2	0.001014	msi
100	3	0.000895	msi
100	4	0.000941	msi
100	5	0.000916	msi
100	6	0.000887	msi
100	7	0.000883	msi
100	8	0.000946	msi
100	1	0.002023	atcgrid
100	2	0.002023	atcgrid
100	3	0.002036	atcgrid
100	4	0.002037	atcgrid
100	5	0.002043	atcgrid
100	6	0.002081	atcgrid
100	7	0.002043	atcgrid
100	8	0.002044	atcgrid
100	9	0.002036	atcgrid
100	10	0.002027	atcgrid
100	11	0.002024	atcgrid
100	12	0.002037	atcgrid
100	13	0.002042	atcgrid
100	14	0.002044	atcgrid
